3675356291270936062618792023759228973612931947845036106320615547
6569374525474430786884314920689266495048717272261061594909177115
9776736563948129390885096385611598481030444476317596217857418597
5388318964333860488897764303092540594692247754812893680210511085
0646258628472406299081311034039196933805664004626756987282996027
6132159914910758704804296104222055290283804091962544993605029435
1743146942264128892888683833380476890687903337326526587960410487
0862479392830178915492574994593570819978253490201962120731190567
7406474858260664628960701013772645202909945103788604676097597853
3837937874190988584371380979932437122021751741711170408516621964
8081022975646379749170608539415415549838522270346363344397258902
4765713338510876350804113593415083565990763761506508122691042740
3280370034927425244386089223183422451757169813337986704848168521
9960649908931489677371221509040137411303217565422172416578592736
4797221630215650034660258950608378210585507382307776911908988037
0692177976271588456568488387524505732721349419574122162022974356
1403127798107601025197131206874924459128960640945466399521309913
4585733895538603361870511030045424999498163933461561722928124786
3772372537681364035850998024901200639083873100503180179103594846
9290303379499194206595611437273392444993832954394955739072729050
4179362125391887052791963684667274100644373472179568955215991621
0532197682064336904851297380923187416385501264856252691331526944
6074379002269035587170604130296093543643191094562591774119138749
3138793884008682385059268528367872662970372351789416435487335014
5707899394645556062699296553867360269308765240068549468323622470
4965464251613771210890134858220636105742003390433424538113158133
9754496721013776391041186434770745307299302799520835965630207473
0167578890780310367322153382858086933743713964202957464912318138
9245100133000222479854786006437581093026438670819816485015970628
9502728177979889805202437300158000475314201300482202458408425427
5752286600912694828278677094542239657439440602284311190002576919
8765114857669143676976090766877665376972640754012801520716495351
1007081641498622523273901506979289989363604496641980490550160288
4983449175762425505297768120328746380497975137809521327332386160
9191509496824653474714048334615546696756430025385056673408081535
1140118578516091249014432513260696808675446055391504967430966045
8286853401778089783972502480626566341713082901081678821389354122
7791404787680861452593884350593462532000980967214484984419680936
3895017198267593997973504194143642276185113064475382735374800164
5831229554631206519446810812988682024981564686357424027201619499
6942023689286735359597990521020636948408448242779939840805909182
8768489837071963014866661782965943782887604912224602398686972688
9881680484429645547057643537328308669719371235702607371847689639
6975605276632436043637494293824543224741616870496951602222736100
7231074801873471344246498425727440560040320869923548107249923667
7469609951730854394623862707674312475580773779320782071461128871
0107907693364984699780143594385528318270526117886774900271620482
2332724541680488352474756576970323805251511589336786251000828870
1508071513394823609070200040811993991264793287560469689685987078
5878052857257917396998773652840649665962887570229138137614920186
3420594491993412572601415357733207476818937270647029163828592034
7716554681051891810973912626650543198776873254357565958331996171
4025801697051329996064305414585199679059766818929546276717186807
8669618596617556302598238616613409682642305072802354307188742212
1726360887089984268785983647159442000081719909347317825312129264
6969940951072332871619121460736522439646746299678752674711806660
9058704660062652414201034040622727519006202499950370494890082256
2181307721411363866352372656802232482385728877353908165522125658
8993470110187530661828543968518529076007327071337639695981753807
7346555893966415076681682537355181768247733377896464542097754465
6514952717006102586320319266741314911102125735015867190239803157
7709803148905130199200739764933803715122132745964904179055661041
5243575627574538634713981742985522071563210885649232722826216089
2885548989764535769511559066277675132920008751450403778774313071
